6 0.493519 0.430556 0.4 0.594444 0.597923
6 0.597923 0.493519 0.430556 0.4 0.594444
6 0.493519 0.430556 0.4 0.594444 0.597923
6 0.493519 0.430556 0.4 0.594444 0.597923
6 0.493519 0.430556 0.4 0.594444 0.597923
6 0.493519 0.430556 0.4 0.594444 0.597923
6 0.493519 0.430556 0.4 0.594444 0.597923
6 0.493519 0.430556 0.4 0.594444 0.597923
6 0.493519 0.430556 0.4 0.594444 0.597923
6 0.493519 0.430556 0.4 0.594444 0.597923
6 0.493519 0.430556 0.4 0.594444 0.597923
6 0.493519 0.430556 0.4 0.594444 0.597923
6 0.493519 0.430556 0.4 0.594444 0.597923
6 0.493519 0.430556 0.4 0.594444 0.597923
6 0.493519 0.430556 0.4 0.594444 0.597923
6 0.493519 0.430556 0.4 0.594444 0.597923
6 0.493519 0.430556 0.4 0.594444 0.597923
6 0.493519 0.430556 0.4 0.594444 0.597923
6 0.493519 0.430556 0.4 0.594444 0.597923
6 0.493519 0.430556 0.4 0.594444 0.597923
6 0.493519 0.430556 0.4 0.594444 0.597923
6 0.493519 0.430556 0.4 0.594444 0.597923
6 0.493519 0.430556 0.4 0.594444 0.597923
6 0.493519 0.430556 0.4 0.594444 0.597923
6 0.493519 0.430556 0.4 0.594444 0.597923
6 0.493519 0.430556 0.4 0.594444 0.597923
6 0.493519 0.430556 0.4 0.594444 0.597923
6 0.493519 0.430556 0.4 0.594444 0.597923
6 0.493519 0.430556 0.4 0.594444 0.597923
6 0.493519 0.430556 0.4 0.594444 0.597923
6 0.493519 0.430556 0.4 0.594444 0.597923
6 0.493519 0.430556 0.4 0.594444 0.597923
6 0.493519 0.430556 0.4 0.594444 0.597923
6 0.493519 0.430556 0.4 0.594444 0.597923
6 0.493519 0.430556 0.4 0.594444 0.597923
6 0.493519 0.430556 0.4 0.594444 0.597923
6 0.493519 0.430556 0.4 0.594444 0.597923
6 0.493519 0.430556 0.4 0.594444 0.597923
6 0.493519 0.430556 0.4 0.594444 0.597923
6 0.493519 0.430556 0.4 0.594444 0.597923
6 0.493519 0.430556 0.4 0.594444 0.597923
6 0.493519 0.430556 0.4 0.594444 0.597923
6 0.493519 0.430556 0.4 0.594444 0.597923
6 0.493519 0.430556 0.4 0.594444 0.597923
6 0.493519 0.430556 0.4 0.594444 0.597923
6 0.493519 0.430556 0.4 0.594444 0.597923
6 0.493519 0.430556 0.4 0.594444 0.597923
6 0.493519 0.430556 0.4 0.594444 0.597923
